Max=9.963571024999993
Min=-9.992999119999922
