{"intf_dat": {"interface_energy": 0.02511490598221161, "unoptimized_interface": {"lattice_mat": [[6.01401, -0.0, -0.0], [3.00701, -5.20829, -0.0], [-0.0, -0.0, -48.09358143026033]], "coords": [[0.5000013605979889, -0.24999993034486276, 0.4062056298393991], [0.16666531500959, -0.08333337203063161, 0.1620649089360503], [-0.500001360597989, 0.24999993034486284, 0.11323676475538058], [0.16666708030063232, -0.0833332791571156, 0.30854934147805957], [0.8333337559082117, -0.41666658153260994, 0.3573774856587294], [-0.4999978300159042, 0.2500001160918952, 0.4062056298393991], [-2.4841486178335072e-06, -0.2500001160918952, 0.11323676475538058], [-0.16666531500958987, 0.08333337203063147, 0.3573774856587295], [-0.333334070072734, 0.41666658153261016, 0.1620649089360503], [0.3333326055348449, 0.08333327915711562, 0.21089305311672002], [-7.18857575463343e-07, -0.25000002321837894, 0.25972119729738974], [-0.33333230478169146, 0.41666667440612637, 0.30854934147805957], [0.3333343708258876, 0.08333337203063193, 0.3573774856587294], [0.8333319906171688, -0.4166666744061262, 0.21089305311672002], [-1.0464334668726653e-06, 0.24999993034486284, 0.11323676475538058], [-0.3333343708258876, -0.08333337203063172, 0.1620649089360503], [1.0464334671437432e-06, -0.24999993034486276, 0.4062056298393991], [7.188575756105207e-07, 0.25000002321837894, 0.25972119729738974], [-0.8333319906171693, 0.4166666744061261, 0.30854934147805957], [0.49999959530694665, -0.2500000232183789, 0.25972119729738974], [-0.1666670803006322, 0.08333327915711562, 0.21089305311672002], [-0.8333337559082116, 0.41666658153261016, 0.1620649089360503], [0.49999783001590414, -0.2500001160918952, 0.11323676475538058], [0.3333323047816917, -0.4166666744061262, 0.21089305311672002], [2.484148618258241e-06, 0.2500001160918952, 0.4062056298393991], [-0.4999995953069465, 0.25000002321837894, 0.25972119729738974], [-0.3333326055348455, -0.08333327915711575, 0.30854934147805957], [0.33333407007273397, -0.4166665815326104, 0.3573774856587294], [-0.2708322488775322, 0.020833218404662082, 0.5252985616531914], [0.39583433364184734, -0.3125000383095571, 0.5763492608783759], [-0.4375023388804221, 0.3541669348335659, 0.7805520577791134], [-0.10416725861573577, -0.31249980845221476, 0.729501358553929], [0.22916615886488476, 0.020833448262004353, 0.6784506593287445], [-0.437500423654495, 0.35416670497622377, 0.62739996010356], [-0.10416534338980846, -0.3125000383095571, 0.5763492608783759], [0.22916807409081208, 0.020833218404662082, 0.5252985616531914], [0.06249925337716059, 0.35416670497622377, 0.62739996010356], [-0.27083416410346023, 0.020833448262004353, 0.6784506593287445], [0.3958324184159202, -0.31249980845221453, 0.729501358553929], [-0.7708327685932899, 0.520833103475991, 0.5252985616531914], [0.5625003964454689, -0.14583340995244748, 0.62739996010356], [0.06249880418788576, -0.14583318009510488, 0.7805520577791134], [0.06249733815123306, 0.3541669348335659, 0.7805520577791134], [0.7291673019331926, -0.4791666666666668, 0.6784506593287445], [0.06250071941381362, -0.14583340995244742, 0.62739996010356], [-0.604165863105566, 0.18749984676177173, 0.5763492608783759], [-0.2708324456249457, 0.520833103475991, 0.5252985616531914], [-0.7708346838192174, 0.5208333333333331, 0.6784506593287445], [-0.10416810129983789, 0.18750007661911433, 0.729501358553929], [0.5624984812195413, -0.1458331800951051, 0.7805520577791134], [-0.10416618607391025, 0.18749984676177173, 0.5763492608783759], [-0.6041677783314937, 0.18750007661911433, 0.729501358553929], [-0.6041652171688777, 0.18749984676177173, 0.49977321204059943], [0.06249860744047198, 0.35416670497622377, 0.7039760089413367], [0.06250136535050171, -0.14583340995244748, 0.5508239112657837], [0.7291679478698813, -0.47916666666666663, 0.6018746104909678], [-0.6041671323948054, 0.187500076619114, 0.6529253097161523], [0.06249945012457422, -0.1458331800951051, 0.7039760089413367], [0.7291660326439535, -0.47916643680932425, 0.7550267081665212], [-0.1041640741005693, -0.3125002681668994, 0.49977321204059943], [-0.4374991543652556, 0.3541664751188813, 0.5508239112657837], [0.2291674281541235, 0.020833218404662193, 0.6018746104909678], [-0.1041659893264969, -0.31250003830955725, 0.6529253097161523], [-0.2708348100401485, 0.020833448262004575, 0.7550267081665212], [-0.4375010695911836, 0.3541667049762241, 0.7039760089413367], [-0.10416554013722167, 0.18749984676177173, 0.49977321204059943], [0.5625010423821573, -0.14583340995244748, 0.5508239112657837], [0.22916762490153722, -0.47916666666666663, 0.6018746104909678], [-0.1041674553631498, 0.187500076619114, 0.6529253097161523], [0.5624991271562299, -0.1458331800951051, 0.7039760089413367], [0.22916570967560926, -0.47916643680932425, 0.7550267081665207], [0.3958356029310865, -0.3125002681668994, 0.49977321204059943], [-0.2708328948142206, 0.020833218404662193, 0.6018746104909678], [0.39583368770515936, -0.31250003830955725, 0.6529253097161523], [0.22916551292819665, 0.020833448262004797, 0.7550267081665212], [0.06250052266640028, 0.3541664751188813, 0.5508239112657837]], "elements": ["Al", "Al", "Al", "Al", "Al", "Al", "Al", "Al", "Al", "Al", "Al", "Al", "Al", "Al", "Al", "Al", "Al", "Al", "Al", "Al", "Al", "Al", "Al", "Al", "Al", "Al", "Al", "Al", "N", "N", "N", "N", "N", "N", "N", "N", "N", "N", "N", "N", "N", "N", "N", "N", "N", "N", "N", "N", "N", "N", "N", "N", "Ti", "Ti", "Ti", "Ti", "Ti", "Ti", "Ti", "Ti", "Ti", "Ti", "Ti", "Ti", "Ti", "Ti", "Ti", "Ti", "Ti", "Ti", "Ti", "Ti", "Ti", "Ti", "Ti", "Ti"], "abc": [6.01401, 6.014016, 48.09358], "angles": [90.0, 90.0, 60.0], "cartesian": false, "props": ["", "", "", "", "", "", "", "", "", "", "", "", "", "", "", "", "", "", "", "", "", "", "", "", "", "", "", "", "", "", "", "", "", "", "", "", "", "", "", "", "", "", "", "", "", "", "", "", "", "", "", "", "", "", "", "", "", "", "", "", "", "", "", "", "", "", "", "", "", "", "", "", "", "", "", ""]}, "optimized_interface": {"lattice_mat": [[5.894882910572989, -4.311113332328293e-05, -0.00019621268562005937], [2.9474836916145204, -5.105266672627736, -4.7267539934902954e-05], [0.0015690979518464179, 0.0004694492724588071, -47.13891274054482]], "coords": [[2.2112161777427484, 1.27648534424262, -19.147922521222938], [0.7371030379887873, 0.4255079988153597, -7.6395639967202555], [-2.210401121762735, -1.2762414924036596, -5.338026463380636], [0.7373435872882568, 0.4255762698144355, -14.54470675565581], [3.684847739056475, 2.127325837339565, -16.8465575658474], [-2.2099199793436277, -1.27610511241795, -19.14774994368027], [-0.7367082771168196, 1.2763705218014887, -5.338100934494951], [-0.7362879820140067, -0.4252641469831914, -16.846384987652172], [-0.7365930819644753, -2.1271035419453734, -7.639489525716349], [2.2109110692715124, -0.4253539746778767, -9.941340336199136], [-0.7364677050324291, 1.2764387121232355, -12.24296267468196], [-0.7363525318722028, -2.1270352701259116, -14.544632284817553], [2.2111516191163174, -0.4252857034190243, -16.846483094934175], [3.6846071883327585, 2.1272575652514183, -9.941414806994345], [0.7370421906053698, -1.2762630499609458, -5.338124568563302], [-2.2103365631356824, 0.42552955525232655, -7.639465889385167], [-0.7362271346530471, 1.2765069017932174, -19.147824415639544], [0.7372827610030745, -1.276194860339173, -12.242986309512025], [-3.6837921323849243, -2.1270137133957454, -14.544534177340735], [2.210975606441251, 1.2764171548220005, -12.243060780453899], [-0.7365285313201279, -0.4253324179686693, -9.94124222869211], [-3.684032683092014, -2.127081985499819, -7.6393914184784615], [2.210735035324624, 1.2763489642756194, -5.33819904051926], [0.73716758782766, 2.127279121964884, -9.941316699480993], [0.7375233330895116, -1.2761266699734222, -19.147848050257178], [-2.2101605504634505, -1.2761733029586024, -12.242888203786878], [-2.2100960133024867, 0.42559782653003814, -14.54460864819096], [0.7374081379464716, 2.1273473937890617, -16.846459458583272], [-1.5343000694140194, -0.10610083819391083, -24.761873422590327], [1.4132073181120335, 1.5956506974185487, -27.168541323638152], [-1.53389434649716, -1.807729226636884, -36.79110667512753], [-1.5339849828956023, 1.5957440104122984, -34.387877635676006], [1.4133770588987369, -0.10604912512454467, -31.98147483670638], [-1.534126002438504, -1.8078035044997882, -29.574882799430156], [-1.5342352436421627, 1.595675240566179, -27.168446427710972], [1.4131394073330257, -0.10612182388454588, -24.761971483196017], [1.4133223325447186, -1.8078237945172866, -29.574973768186158], [-1.534059249874604, -0.10603363422384679, -31.981376755873274], [1.4134473227498223, 1.5957149774462325, -34.387990369607465], [-3.0079880232857543, -2.6587135138887583, -24.761799217227175], [2.8870181646699478, 0.7447846840367432, -29.5750528487203], [-0.06018874476628599, 0.7448833722480549, -36.7911814952818], [1.4135449445759372, -1.8077508778970555, -36.791201797519605], [2.8870814403832954, 2.446561008433076, -31.981549561028725], [-0.06043147628854187, 0.744811274076423, -29.5749624888122], [-3.007928457988031, -0.956939159874786, -27.168374380490583], [-0.060548060014357814, -2.6587351176380327, -24.76189718162392], [-3.007765309050288, -2.658642484568055, -31.98130153581499], [-0.060264177833048695, -0.9568868221743432, -34.38790642580567], [2.8872512944111044, 0.7448618038172651, -36.79128938627912], [-0.06048479801092332, -0.9569610516721637, -27.168468076297877], [-3.007709086644162, -0.9568676438418094, -34.38780870541106], [-3.0080507152975424, -0.9569738534646701, -23.55955254588021], [1.4134872585536706, -1.8078133968878944, -33.18468726447336], [-0.06057845684165848, 0.7447834063908081, -25.96536941757743], [2.8869032694895487, 2.4465467993874452, -28.371852105977624], [-3.0077906000112082, -0.9569089819295609, -30.778071196374107], [-0.06033598796942605, 0.7448338683034529, -33.184674153540946], [2.8871628574314983, 2.4465935271007715, -35.591680452789085], [-1.534344719744714, 1.5956385247026705, -23.559630766168308], [-1.5342188673327863, -1.8078351459640434, -25.965289296384924], [1.4132600721863768, -0.1060647428349648, -28.371809135571233], [-1.534134733662002, 1.5957095709272484, -30.778140475223545], [-1.5338944994725987, -0.10598617222338375, -35.591517329579524], [-1.5339991648750961, -1.807772323045107, -33.18460073888666], [-0.060602601611954514, -0.9570003164245591, -23.559567279511455], [2.8869132507652564, 0.7447232402336827, -25.965405900768562], [-0.06048970847150381, 2.4465456253009887, -28.371739865867905], [-0.06035208045211397, -0.9569306064204214, -30.778175427368897], [2.887118172927969, 0.7448124252112721, -33.184753219729664], [-0.060289478416267736, 2.446610649299649, -35.591591963846106], [1.4130948313780447, 1.5956169257393469, -23.559723300985883], [-1.5341558548961023, -0.10606787906820846, -28.371664321788987], [1.4133048078652564, 1.5956906934855701, -30.77824625325587], [1.4135006405120087, -0.10599437955743184, -35.59167023065321], [1.4132549403834846, -1.807853381391801, -25.965363311116274]], "elements": ["Al", "Al", "Al", "Al", "Al", "Al", "Al", "Al", "Al", "Al", "Al", "Al", "Al", "Al", "Al", "Al", "Al", "Al", "Al", "Al", "Al", "Al", "Al", "Al", "Al", "Al", "Al", "Al", "N", "N", "N", "N", "N", "N", "N", "N", "N", "N", "N", "N", "N", "N", "N", "N", "N", "N", "N", "N", "N", "N", "N", "N", "Ti", "Ti", "Ti", "Ti", "Ti", "Ti", "Ti", "Ti", "Ti", "Ti", "Ti", "Ti", "Ti", "Ti", "Ti", "Ti", "Ti", "Ti", "Ti", "Ti", "Ti", "Ti", "Ti", "Ti"], "abc": [5.89488, 5.895034, 47.13891], "angles": [89.9991, 89.9961, 60.0], "cartesian": true, "props": ["", "", "", "", "", "", "", "", "", "", "", "", "", "", "", "", "", "", "", "", "", "", "", "", "", "", "", "", "", "", "", "", "", "", "", "", "", "", "", "", "", "", "", "", "", "", "", "", "", "", "", "", "", "", "", "", "", "", "", "", "", "", "", "", "", "", "", "", "", "", "", "", "", "", "", ""]}, "film_sl": {"lattice_mat": [[-5.75219, 0.0, 0.0], [-2.87609, 4.98154, 0.0], [0.0, 0.0, 24.43824]], "coords": [[2.157080526752591, 1.2453846530101487, -7.044960775213728], [-0.7190162803814341, -0.41512852610547235, -4.696640516809152], [-3.5951130875154567, -2.075641705221094, -2.348320258404576], [2.1570701053505172, 1.245385115663284, 0.0], [-0.7190267017835055, -0.41512806345233727, 2.348320258404575], [-3.595123508917532, -2.075641242567958, 4.696640516809154], [2.1570596839484457, 1.2453855783164198, 7.0449607752137275], [0.7190371231855774, -1.2453855783164194, -7.044960775213728], [0.7190303160515553, 2.075641242567959, -4.696640516809152], [-2.157066491082469, 0.4151280634523381, -2.348320258404576], [0.7190267017835051, -1.2453851156632834, 0.0], [0.7190198946494817, 2.0756417052210954, 2.348320258404575], [-2.157076912484543, 0.41512852610547457, 4.696640516809154], [0.7190162803814316, -1.2453846530101476, 7.0449607752137275], [-0.7190162803814328, 1.2453846530101487, -7.044960775213728], [2.157076912484543, -0.4151285261054729, -4.696640516809151], [-0.719019894649483, -2.075641705221094, -2.3483202584045757], [-0.7190267017835053, 1.245385115663284, 0.0], [2.157066491082473, -0.4151280634523381, 2.3483202584045775], [-0.7190303160515533, -2.07564124256796, 4.696640516809154], [-0.7190371231855791, 1.2453855783164198, 7.0449607752137275], [-2.157059683948445, -1.2453855783164194, -7.044960775213728], [3.595123508917531, 2.075641242567959, -4.696640516809151], [0.7190267017835053, 0.4151280634523381, -2.3483202584045757], [-2.1570701053505177, -1.2453851156632831, 0.0], [3.5951130875154607, 2.075641705221094, 2.348320258404579], [0.7190162803814341, 0.41512852610547235, 4.696640516809157], [-2.1570805267525897, -1.2453846530101476, 7.0449607752137275]], "elements": ["Al", "Al", "Al", "Al", "Al", "Al", "Al", "Al", "Al", "Al", "Al", "Al", "Al", "Al", "Al", "Al", "Al", "Al", "Al", "Al", "Al", "Al", "Al", "Al", "Al", "Al", "Al", "Al"], "abc": [5.75219, 5.752185, 24.43824], "angles": [90.0, 90.0, 60.0], "cartesian": true, "props": ["", "", "", "", "", "", "", "", "", "", "", "", "", "", "", "", "", "", "", "", "", "", "", "", "", "", "", ""]}, "subs_sl": {"lattice_mat": [[-6.01401, 0.0, 0.0], [-3.00701, 5.20829, 0.0], [0.0, 0.0, 22.73127]], "coords": [[3.0696417434946865, 0.9765535768908683, -6.75182993991644], [0.06263868582953871, -0.7595426907212324, -4.296619052674098], [-2.944364371835611, -2.495638958333333, -1.841408165431757], [3.0696525704992412, 0.9765547740545655, 0.6138027218105875], [0.06264951283409172, -0.7595414935575346, 3.069013609052927], [-2.944353544831057, -2.4956377611696348, 5.524224496295271], [3.0696456281643907, 2.712649844502969, -5.524224496295268], [0.06264257049924185, 0.9765535768908683, -3.069013609052928], [-2.944360487165906, -0.7595426907212324, -0.6138027218105849], [3.0696564551689454, 2.712651041666666, 1.8414081654317573], [0.06265339750379519, 0.9765547740545673, 4.296619052674101], [-2.9443496601613512, -0.7595414935575346, 6.7518299399164405], [1.5661352146621135, -1.6275920216909803, -6.75182993991644], [1.5661421569969636, 1.8446017106969184, -4.296619052674098], [-1.4408609006681836, 0.10850544308481827, -1.841408165431757], [1.566146041666668, -1.6275908245272837, 0.6138027218105875], [1.5661529840015187, 1.8446029078606185, 3.069013609052927], [-1.4408500736636347, 0.10850664024851718, 5.524224496295271], [1.566142156996965, 0.10850544308481769, -5.524224496295268], [-1.4408609006681845, -1.6275908245272828, -3.069013609052927], [-1.4408539583333324, 1.8446029078606168, -0.6138027218105849], [1.5661529840015216, 0.10850664024851486, 1.8414081654317573], [-1.4408500736636347, -1.6275896273635841, 4.296619052674099], [-1.4408431313287784, 1.8446041050243134, 6.751829939916439], [0.06263868582953738, 0.9765535768908683, -6.75182993991644], [-2.9443643718356087, -0.7595426907212324, -4.296619052674099], [0.06264257049923995, -2.495638958333333, -1.841408165431757], [0.06264951283409471, 0.9765547740545655, 0.6138027218105875], [-2.944353544831056, -0.7595414935575346, 3.0690136090529236], [0.06265339750379574, -2.4956377611696348, 5.524224496295266], [0.06263868582953949, 2.712649844502969, -5.524224496295268], [3.0696456281643894, 0.9765535768908683, -3.069013609052927], [0.06264257049924002, -0.759542690721232, -0.6138027218105849], [-2.944360487165906, -2.4956389583333336, 1.8414081654317573], [3.069656455168944, 0.9765547740545673, 4.296619052674099], [0.06265339750379485, -0.7595414935575334, 6.7518299399164405], [-1.440867843003035, -1.6275920216909803, -6.75182993991644], [-1.4408609006681852, 1.8446017106969184, -4.296619052674099], [1.566146041666668, 0.10850544308481827, -1.841408165431757], [-1.4408570159984835, -1.6275908245272837, 0.6138027218105875], [-1.4408500736636278, 1.8446029078606168, 3.069013609052927], [1.5661568686712235, 0.10850664024851603, 5.524224496295271], [-1.4408647853378875, 0.10850544308481769, -5.524224496295268], [1.5661421569969638, -1.6275908245272828, -3.069013609052927], [1.5661490993318146, 1.8446029078606168, -0.6138027218105849], [-1.4408539583333353, 0.10850664024851486, 1.8414081654317573], [1.5661529840015158, -1.6275896273635853, 4.296619052674099], [1.5661599263363661, 1.8446041050243134, 6.7518299399164405]], "elements": ["Ti", "Ti", "Ti", "Ti", "Ti", "Ti", "N", "N", "N", "N", "N", "N", "Ti", "Ti", "Ti", "Ti", "Ti", "Ti", "N", "N", "N", "N", "N", "N", "Ti", "Ti", "Ti", "Ti", "Ti", "Ti", "N", "N", "N", "N", "N", "N", "Ti", "Ti", "Ti", "Ti", "Ti", "Ti", "N", "N", "N", "N", "N", "N"], "abc": [6.01401, 6.014016, 22.73127], "angles": [90.0, 90.0, 60.0], "cartesian": true, "props": ["", "", "", "", "", "", "", "", "", "", "", "", "", "", "", "", "", "", "", "", "", "", "", "", "", "", "", "", "", "", "", "", "", "", "", "", "", "", "", "", "", "", "", "", "", "", "", ""]}}, "jid_film": "JVASP-816", "jid_subs": "JVASP-14741", "miller_film": [1, 1, 1], "miller_subs": [1, 1, 1], "prev": "1.8", "Wad": -0.02511490598221161}